Last login: Mon Feb 27 05:07:41 on ttys006
Matts-MacBook-Pro-10:~ Matt$ cd Desktop/
Matts-MacBook-Pro-10:Desktop Matt$ ./test1 2 131072 1 4
Largest edge: 6.000000
Test Weight: 22.000000
Threshold: 0.114918
Generated Points
Generated Edges
Fraction of edges excluded: -0.000733
Freed Points
Calculating MST...
1000, 22058
2000, 41222
3000, 59291
4000, 75480
5000, 97003
6000, 112842
7000, 130028
8000, 143508
9000, 159640
10000, 170314
11000, 183813
12000, 197414
13000, 211529
14000, 225126
15000, 239301
16000, 254516
17000, 269093
18000, 286026
19000, 297871
20000, 312559
21000, 324266
22000, 332216
23000, 342571
24000, 353810
25000, 361377
26000, 373225
27000, 384983
28000, 393893
29000, 405421
30000, 417266
31000, 426794
32000, 436815
33000, 447173
34000, 458028
35000, 467807
36000, 476581
37000, 484119
38000, 492993
39000, 500103
40000, 510477
41000, 522913
42000, 531323
43000, 536261
44000, 542818
45000, 547477
46000, 553975
47000, 562831
48000, 571375
49000, 579608
50000, 585285
51000, 593377
52000, 598579
53000, 605038
54000, 609992
55000, 615453
56000, 622923
57000, 627636
58000, 632281
59000, 638386
60000, 641667
61000, 647646
62000, 652751
63000, 657311
64000, 662361
65000, 666589
66000, 669693
67000, 674374
68000, 677604
69000, 683687
70000, 686449
71000, 689866
72000, 694584
73000, 697650
74000, 702055
75000, 708157
76000, 712135
77000, 714163
78000, 717226
79000, 720923
80000, 723595
81000, 727637
82000, 729981
83000, 732736
84000, 735456
85000, 736761
86000, 741006
87000, 743275
88000, 745656
89000, 747910
90000, 749638
91000, 751169
92000, 752846
93000, 754514
94000, 756491
95000, 757984
96000, 760146
97000, 761659
98000, 762995
99000, 765758
100000, 767962
101000, 769752
102000, 771686
103000, 773396
104000, 775224
105000, 776615
106000, 777476
107000, 778378
108000, 779373
109000, 779965
110000, 781651
111000, 782332
112000, 783303
113000, 785210
114000, 786265
115000, 787499
116000, 789060
117000, 791052
118000, 791964
119000, 792808
120000, 793261
121000, 793964
122000, 795209
123000, 795829
124000, 796573
125000, 796927
126000, 797528
127000, 797943
128000, 798247
129000, 798425
130000, 798987
131000, 799232
132000, 799393
133000, 799712
134000, 799658
135000, 799981
136000, 800364
137000, 800491
138000, 800987
139000, 800975
140000, 801040
141000, 801209
142000, 801088
143000, 801054
144000, 801598
145000, 801562
146000, 801458
147000, 801339
148000, 801351
149000, 801398
150000, 801718
151000, 801523
152000, 801218
153000, 801294
154000, 801166
155000, 801272
156000, 800977
157000, 800804
158000, 800503
159000, 800229
160000, 799897
161000, 799423
162000, 799024
163000, 798523
164000, 798048
165000, 797575
166000, 797348
167000, 796816
168000, 796410
169000, 795990
170000, 795608
171000, 795335
172000, 794860
173000, 794474
174000, 793881
175000, 793238
176000, 792576
177000, 792018
178000, 791318
179000, 790699
180000, 790028
181000, 789357
182000, 788735
183000, 788015
184000, 787462
185000, 786733
186000, 786083
187000, 785321
188000, 784664
189000, 783876
190000, 783116
191000, 782405
192000, 781677
193000, 780957
194000, 780214
195000, 779436
196000, 778616
197000, 777921
198000, 777176
199000, 776382
200000, 775546
201000, 774741
202000, 773860
203000, 773054
204000, 772166
205000, 771311
206000, 770496
207000, 769677
208000, 768803
209000, 767972
210000, 767083
211000, 766226
212000, 765387
213000, 764514
214000, 763636
215000, 762740
216000, 761882
217000, 760994
218000, 760083
219000, 759190
220000, 758262
221000, 757360
222000, 756442
223000, 755567
224000, 754645
225000, 753708
226000, 752762
227000, 751818
228000, 750899
229000, 749917
230000, 748995
231000, 748047
232000, 747126
233000, 746198
234000, 745281
235000, 744354
236000, 743393
237000, 742436
238000, 741489
239000, 740541
240000, 739583
241000, 738636
242000, 737659
243000, 736693
244000, 735753
245000, 734776
246000, 733825
247000, 732864
248000, 731904
249000, 730946
250000, 729984
251000, 729017
252000, 728035
253000, 727056
254000, 726068
255000, 725093
256000, 724118
257000, 723147
258000, 722166
259000, 721207
260000, 720210
261000, 719250
262000, 718275
263000, 717305
264000, 716314
265000, 715319
266000, 714329
267000, 713335
268000, 712343
269000, 711355
270000, 710372
271000, 709381
272000, 708397
273000, 707413
274000, 706421
275000, 705434
276000, 704436
277000, 703456
278000, 702471
279000, 701483
280000, 700491
281000, 699504
282000, 698540
283000, 697554
284000, 696583
285000, 695600
286000, 694624
287000, 693631
288000, 692637
289000, 691649
290000, 690654
291000, 689663
292000, 688667
293000, 687676
294000, 686683
295000, 685686
296000, 684692
297000, 683696
298000, 682699
299000, 681701
300000, 680720
301000, 679722
302000, 678726
303000, 677737
304000, 676739
305000, 675742
306000, 674744
307000, 673749
308000, 672750
309000, 671753
310000, 670754
311000, 669755
312000, 668766
313000, 667771
314000, 666772
315000, 665773
316000, 664778
317000, 663781
318000, 662785
319000, 661787
320000, 660787
321000, 659787
322000, 658787
323000, 657787
324000, 656787
325000, 655787
326000, 654788
327000, 653794
328000, 652800
329000, 651806
330000, 650806
331000, 649806
332000, 648808
333000, 647808
334000, 646810
335000, 645817
336000, 644821
337000, 643822
338000, 642824
339000, 641825
340000, 640826
341000, 639827
342000, 638830
343000, 637831
344000, 636831
345000, 635833
346000, 634833
347000, 633834
348000, 632835
349000, 631835
350000, 630837
351000, 629837
352000, 628837
353000, 627837
354000, 626840
355000, 625841
356000, 624841
357000, 623843
358000, 622843
359000, 621843
360000, 620844
361000, 619845
362000, 618845
363000, 617845
364000, 616845
365000, 615845
366000, 614845
367000, 613846
368000, 612846
369000, 611847
370000, 610847
371000, 609848
372000, 608851
373000, 607851
374000, 606851
375000, 605851
376000, 604852
377000, 603852
378000, 602853
379000, 601857
380000, 600858
381000, 599858
382000, 598858
383000, 597858
384000, 596858
385000, 595858
386000, 594858
387000, 593858
388000, 592859
389000, 591861
390000, 590861
391000, 589861
392000, 588861
393000, 587861
394000, 586861
395000, 585861
396000, 584862
397000, 583862
398000, 582863
399000, 581863
400000, 580863
401000, 579863
402000, 578864
403000, 577864
404000, 576864
405000, 575865
406000, 574865
407000, 573867
408000, 572867
409000, 571867
410000, 570867
411000, 569867
412000, 568867
413000, 567867
414000, 566867
415000, 565867
416000, 564868
417000, 563868
418000, 562868
419000, 561868
420000, 560868
421000, 559868
422000, 558868
423000, 557868
424000, 556868
425000, 555868
426000, 554868
427000, 553868
428000, 552868
429000, 551868
430000, 550868
431000, 549868
432000, 548868
433000, 547868
434000, 546868
435000, 545868
436000, 544868
437000, 543868
438000, 542868
439000, 541868
440000, 540868
441000, 539868
442000, 538868
443000, 537868
444000, 536868
445000, 535868
446000, 534869
447000, 533869
448000, 532869
449000, 531869
450000, 530869
451000, 529869
452000, 528869
453000, 527869
454000, 526869
455000, 525869
456000, 524869
457000, 523869
458000, 522869
459000, 521869
460000, 520869
461000, 519869
462000, 518869
463000, 517869
464000, 516869
465000, 515869
466000, 514869
467000, 513869
468000, 512869
469000, 511869
470000, 510869
471000, 509869
472000, 508869
473000, 507869
474000, 506869
475000, 505869
476000, 504869
477000, 503869
478000, 502869
479000, 501869
480000, 500869
481000, 499869
482000, 498869
483000, 497869
484000, 496869
485000, 495869
486000, 494869
487000, 493869
488000, 492869
489000, 491869
490000, 490869
491000, 489869
492000, 488869
493000, 487869
494000, 486869
495000, 485869
496000, 484869
497000, 483869
498000, 482869
499000, 481869
500000, 480869
501000, 479869
502000, 478869
503000, 477869
504000, 476869
505000, 475869
506000, 474869
507000, 473869
508000, 472869
509000, 471869
510000, 470869
511000, 469869
512000, 468869
513000, 467869
514000, 466869
515000, 465869
516000, 464869
517000, 463869
518000, 462869
519000, 461869
520000, 460869
521000, 459869
522000, 458869
523000, 457869
524000, 456869
525000, 455869
526000, 454869
527000, 453869
528000, 452869
529000, 451869
530000, 450869
531000, 449869
532000, 448869
533000, 447869
534000, 446869
535000, 445869
536000, 444869
537000, 443869
538000, 442869
539000, 441869
540000, 440869
541000, 439869
542000, 438869
543000, 437869
544000, 436869
545000, 435869
546000, 434869
547000, 433869
548000, 432869
549000, 431869
550000, 430869
551000, 429869
552000, 428869
553000, 427869
554000, 426869
555000, 425869
556000, 424869
557000, 423869
558000, 422869
559000, 421869
560000, 420869
561000, 419869
562000, 418869
563000, 417869
564000, 416869
565000, 415869
566000, 414869
567000, 413869
568000, 412869
569000, 411869
570000, 410869
571000, 409869
572000, 408869
573000, 407869
574000, 406869
575000, 405869
576000, 404869
577000, 403869
578000, 402869
579000, 401869
580000, 400869
581000, 399869
582000, 398869
583000, 397869
584000, 396869
585000, 395869
586000, 394869
587000, 393869
588000, 392869
589000, 391869
590000, 390869
591000, 389869
592000, 388869
593000, 387869
594000, 386869
595000, 385869
596000, 384869
597000, 383869
598000, 382869
599000, 381869
600000, 380869
601000, 379869
602000, 378869
603000, 377869
604000, 376869
605000, 375869
606000, 374869
607000, 373869
608000, 372869
609000, 371869
610000, 370869
611000, 369869
612000, 368869
613000, 367869
614000, 366869
615000, 365869
616000, 364869
617000, 363869
618000, 362869
619000, 361869
620000, 360869
621000, 359869
622000, 358869
623000, 357869
624000, 356869
625000, 355869
626000, 354869
627000, 353869
628000, 352869
629000, 351869
630000, 350869
631000, 349869
632000, 348869
633000, 347869
634000, 346869
635000, 345869
636000, 344869
637000, 343869
638000, 342869
639000, 341869
640000, 340869
641000, 339869
642000, 338869
643000, 337869
644000, 336869
645000, 335869
646000, 334869
647000, 333869
648000, 332869
649000, 331869
650000, 330869
651000, 329869
652000, 328869
653000, 327869
654000, 326869
655000, 325869
656000, 324869
657000, 323869
658000, 322869
659000, 321869
660000, 320869
661000, 319869
662000, 318869
663000, 317869
664000, 316869
665000, 315869
666000, 314869
667000, 313869
668000, 312869
669000, 311869
670000, 310869
671000, 309869
672000, 308869
673000, 307869
674000, 306869
675000, 305869
676000, 304869
677000, 303869
678000, 302869
679000, 301869
680000, 300869
681000, 299869
682000, 298869
683000, 297869
684000, 296869
685000, 295869
686000, 294869
687000, 293869
688000, 292869
689000, 291869
690000, 290869
691000, 289869
692000, 288869
693000, 287869
694000, 286869
695000, 285869
696000, 284869
697000, 283869
698000, 282869
699000, 281869
700000, 280869
701000, 279869
702000, 278869
703000, 277869
704000, 276869
705000, 275869
706000, 274869
707000, 273869
708000, 272869
709000, 271869
710000, 270869
711000, 269869
712000, 268869
713000, 267869
714000, 266869
715000, 265869
716000, 264869
717000, 263869
718000, 262869
719000, 261869
720000, 260869
721000, 259869
722000, 258869
723000, 257869
724000, 256869
725000, 255869
726000, 254869
727000, 253869
728000, 252869
729000, 251869
730000, 250869
731000, 249869
732000, 248869
733000, 247869
734000, 246869
735000, 245869
736000, 244869
737000, 243869
738000, 242869
739000, 241869
740000, 240869
741000, 239869
742000, 238869
743000, 237869
744000, 236869
745000, 235869
746000, 234869
747000, 233869
748000, 232869
749000, 231869
750000, 230869
751000, 229869
752000, 228869
753000, 227869
754000, 226869
755000, 225869
756000, 224869
757000, 223869
758000, 222869
759000, 221869
760000, 220869
761000, 219869
762000, 218869
763000, 217869
764000, 216869
765000, 215869
766000, 214869
767000, 213869
768000, 212869
769000, 211869
770000, 210869
771000, 209869
772000, 208869
773000, 207869
774000, 206869
775000, 205869
776000, 204869
777000, 203869
778000, 202869
779000, 201869
780000, 200869
781000, 199869
782000, 198869
783000, 197869
784000, 196869
785000, 195869
786000, 194869
787000, 193869
788000, 192869
789000, 191869
790000, 190869
791000, 189869
792000, 188869
793000, 187869
794000, 186869
795000, 185869
796000, 184869
797000, 183869
798000, 182869
799000, 181869
800000, 180869
801000, 179869
802000, 178869
803000, 177869
804000, 176869
805000, 175869
806000, 174869
807000, 173869
808000, 172869
809000, 171869
810000, 170869
811000, 169869
812000, 168869
813000, 167869
814000, 166869
815000, 165869
816000, 164869
817000, 163869
818000, 162869
819000, 161869
820000, 160869
821000, 159869
822000, 158869
823000, 157869
824000, 156869
825000, 155869
826000, 154869
827000, 153869
828000, 152869
829000, 151869
830000, 150869
831000, 149869
832000, 148869
833000, 147869
834000, 146869
835000, 145869
836000, 144869
837000, 143869
838000, 142869
839000, 141869
840000, 140869
841000, 139869
842000, 138869
843000, 137869
844000, 136869
845000, 135869
846000, 134869
847000, 133869
848000, 132869
849000, 131869
850000, 130869
851000, 129869
852000, 128869
853000, 127869
854000, 126869
855000, 125869
856000, 124869
857000, 123869
858000, 122869
859000, 121869
860000, 120869
861000, 119869
862000, 118869
863000, 117869
864000, 116869
865000, 115869
866000, 114869
867000, 113869
868000, 112869
869000, 111869
870000, 110869
871000, 109869
872000, 108869
873000, 107869
874000, 106869
875000, 105869
876000, 104869
877000, 103869
878000, 102869
879000, 101869
880000, 100869
881000, 99869
882000, 98869
883000, 97869
884000, 96869
885000, 95869
886000, 94869
887000, 93869
888000, 92869
889000, 91869
890000, 90869
891000, 89869
892000, 88869
893000, 87869
894000, 86869
895000, 85869
896000, 84869
897000, 83869
898000, 82869
899000, 81869
900000, 80869
901000, 79869
902000, 78869
903000, 77869
904000, 76869
905000, 75869
906000, 74869
907000, 73869
908000, 72869
909000, 71869
910000, 70869
911000, 69869
912000, 68869
913000, 67869
914000, 66869
915000, 65869
916000, 64869
917000, 63869
918000, 62869
919000, 61869
920000, 60869
921000, 59869
922000, 58869
923000, 57869
924000, 56869
925000, 55869
926000, 54869
927000, 53869
928000, 52869
929000, 51869
930000, 50869
931000, 49869
932000, 48869
933000, 47869
934000, 46869
935000, 45869
936000, 44869
937000, 43869
938000, 42869
939000, 41869
940000, 40869
941000, 39869
942000, 38869
943000, 37869
944000, 36869
945000, 35869
946000, 34869
947000, 33869
948000, 32869
949000, 31869
950000, 30869
951000, 29869
952000, 28869
953000, 27869
954000, 26869
955000, 25869
956000, 24869
957000, 23869
958000, 22869
959000, 21869
960000, 20869
961000, 19869
962000, 18869
963000, 17869
964000, 16869
965000, 15869
966000, 14869
967000, 13869
968000, 12869
969000, 11869
970000, 10869
971000, 9869
972000, 8869
973000, 7869
974000, 6869
975000, 5869
976000, 4869
977000, 3869
978000, 2869
979000, 1869
980000, 869
Largest edge: 0.077772
Avg. weight, Avg. largest edge, numpoints, numtrials, dimension: 
4739.347656, 0.077772, 131072, 1, 4
Time elapsed: 10723.426758
Fraction of edges excluded: -0.000733
Matts-MacBook-Pro-10:Desktop Matt$ 
