Last login: Mon Feb 27 05:07:16 on ttys004
Matts-MacBook-Pro-10:~ Matt$ cd Desktop/
Matts-MacBook-Pro-10:Desktop Matt$ ./test1 2 131072 1 3
Largest edge: 6.000000
Test Weight: 22.000000
Threshold: 0.047574
Generated Points
Generated Edges
Fraction of edges excluded: -0.000427
Freed Points
Calculating MST...
1000, 9591
2000, 17100
3000, 26432
4000, 34290
5000, 41805
6000, 51570
7000, 61313
8000, 70102
9000, 77829
10000, 84114
11000, 91535
12000, 97259
13000, 102850
14000, 110713
15000, 115973
16000, 122828
17000, 130286
18000, 136807
19000, 143090
20000, 151009
21000, 159282
22000, 166346
23000, 171862
24000, 177117
25000, 184221
26000, 193170
27000, 202464
28000, 209692
29000, 219703
30000, 227196
31000, 233679
32000, 240896
33000, 248541
34000, 254929
35000, 263190
36000, 271271
37000, 280773
38000, 288210
39000, 297752
40000, 305761
41000, 314289
42000, 319868
43000, 325463
44000, 331178
45000, 337827
46000, 345155
47000, 350516
48000, 353933
49000, 357778
50000, 365748
51000, 371139
52000, 374670
53000, 379425
54000, 386363
55000, 394406
56000, 401028
57000, 406390
58000, 413542
59000, 418641
60000, 423972
61000, 428771
62000, 433290
63000, 437232
64000, 440092
65000, 442915
66000, 447106
67000, 456709
68000, 465047
69000, 470832
70000, 478138
71000, 483858
72000, 490035
73000, 495162
74000, 499153
75000, 504555
76000, 510115
77000, 513761
78000, 517124
79000, 522861
80000, 526351
81000, 529227
82000, 533696
83000, 536750
84000, 539860
85000, 545803
86000, 549218
87000, 553624
88000, 558409
89000, 563175
90000, 569463
91000, 574399
92000, 582383
93000, 588549
94000, 592775
95000, 595060
96000, 601004
97000, 606448
98000, 610675
99000, 613674
100000, 617153
101000, 620440
102000, 625012
103000, 628336
104000, 632119
105000, 633705
106000, 637525
107000, 641015
108000, 646610
109000, 649571
110000, 652345
111000, 655758
112000, 658542
113000, 661163
114000, 663752
115000, 665152
116000, 666629
117000, 668502
118000, 670080
119000, 673779
120000, 675238
121000, 677673
122000, 680419
123000, 681835
124000, 683944
125000, 687067
126000, 689665
127000, 690555
128000, 692288
129000, 695151
130000, 696439
131000, 697847
132000, 698981
133000, 700425
134000, 703610
135000, 706293
136000, 707064
137000, 708582
138000, 712447
139000, 714083
140000, 714958
141000, 715746
142000, 717036
143000, 718457
144000, 719292
145000, 719963
146000, 721063
147000, 721804
148000, 722423
149000, 723073
150000, 723367
151000, 723848
152000, 725533
153000, 726703
154000, 727596
155000, 727953
156000, 728152
157000, 728892
158000, 729941
159000, 730760
160000, 731110
161000, 731344
162000, 731637
163000, 731627
164000, 732220
165000, 732451
166000, 733285
167000, 734372
168000, 734709
169000, 734596
170000, 735292
171000, 735300
172000, 735910
173000, 735963
174000, 736096
175000, 736188
176000, 736085
177000, 735839
178000, 735829
179000, 735749
180000, 735347
181000, 735361
182000, 735055
183000, 734761
184000, 734714
185000, 734301
186000, 733874
187000, 733442
188000, 733024
189000, 732489
190000, 732302
191000, 732017
192000, 731797
193000, 731150
194000, 730530
195000, 730063
196000, 729617
197000, 729153
198000, 728591
199000, 727981
200000, 727530
201000, 727102
202000, 726536
203000, 725961
204000, 725464
205000, 724835
206000, 724712
207000, 724134
208000, 723472
209000, 722763
210000, 722102
211000, 721364
212000, 720607
213000, 719920
214000, 719237
215000, 718391
216000, 717618
217000, 716947
218000, 716234
219000, 715443
220000, 714653
221000, 713771
222000, 713028
223000, 712325
224000, 711536
225000, 710737
226000, 709983
227000, 709248
228000, 708524
229000, 707668
230000, 707046
231000, 706190
232000, 705340
233000, 704428
234000, 703533
235000, 702668
236000, 701813
237000, 700992
238000, 700175
239000, 699403
240000, 698630
241000, 697782
242000, 696803
243000, 695872
244000, 694938
245000, 694148
246000, 693299
247000, 692366
248000, 691424
249000, 690491
250000, 689548
251000, 688632
252000, 687695
253000, 686782
254000, 685884
255000, 684949
256000, 683977
257000, 683022
258000, 682075
259000, 681106
260000, 680179
261000, 679226
262000, 678260
263000, 677274
264000, 676354
265000, 675388
266000, 674432
267000, 673465
268000, 672490
269000, 671505
270000, 670528
271000, 669578
272000, 668595
273000, 667645
274000, 666668
275000, 665713
276000, 664740
277000, 663773
278000, 662806
279000, 661808
280000, 660844
281000, 659868
282000, 658889
283000, 657917
284000, 656935
285000, 655938
286000, 654968
287000, 653979
288000, 653001
289000, 652018
290000, 651034
291000, 650050
292000, 649066
293000, 648072
294000, 647082
295000, 646088
296000, 645111
297000, 644118
298000, 643148
299000, 642181
300000, 641189
301000, 640189
302000, 639202
303000, 638205
304000, 637222
305000, 636232
306000, 635240
307000, 634258
308000, 633262
309000, 632266
310000, 631267
311000, 630268
312000, 629269
313000, 628276
314000, 627281
315000, 626291
316000, 625295
317000, 624297
318000, 623301
319000, 622303
320000, 621305
321000, 620306
322000, 619317
323000, 618318
324000, 617320
325000, 616322
326000, 615323
327000, 614326
328000, 613328
329000, 612338
330000, 611343
331000, 610344
332000, 609346
333000, 608347
334000, 607347
335000, 606348
336000, 605349
337000, 604349
338000, 603349
339000, 602350
340000, 601350
341000, 600358
342000, 599368
343000, 598368
344000, 597369
345000, 596369
346000, 595370
347000, 594373
348000, 593375
349000, 592376
350000, 591376
351000, 590376
352000, 589377
353000, 588377
354000, 587381
355000, 586381
356000, 585381
357000, 584381
358000, 583383
359000, 582383
360000, 581383
361000, 580383
362000, 579383
363000, 578386
364000, 577392
365000, 576394
366000, 575397
367000, 574397
368000, 573398
369000, 572399
370000, 571399
371000, 570399
372000, 569400
373000, 568400
374000, 567401
375000, 566401
376000, 565401
377000, 564404
378000, 563404
379000, 562405
380000, 561406
381000, 560406
382000, 559406
383000, 558408
384000, 557408
385000, 556408
386000, 555408
387000, 554408
388000, 553408
389000, 552408
390000, 551408
391000, 550408
392000, 549408
393000, 548408
394000, 547408
395000, 546408
396000, 545411
397000, 544411
398000, 543411
399000, 542411
400000, 541411
401000, 540411
402000, 539411
403000, 538411
404000, 537412
405000, 536412
406000, 535412
407000, 534412
408000, 533412
409000, 532412
410000, 531412
411000, 530413
412000, 529413
413000, 528413
414000, 527413
415000, 526413
416000, 525413
417000, 524413
418000, 523413
419000, 522413
420000, 521413
421000, 520413
422000, 519413
423000, 518413
424000, 517413
425000, 516413
426000, 515413
427000, 514413
428000, 513413
429000, 512413
430000, 511413
431000, 510413
432000, 509413
433000, 508413
434000, 507413
435000, 506413
436000, 505416
437000, 504416
438000, 503416
439000, 502416
440000, 501416
441000, 500416
442000, 499416
443000, 498416
444000, 497416
445000, 496416
446000, 495416
447000, 494416
448000, 493416
449000, 492416
450000, 491416
451000, 490416
452000, 489416
453000, 488416
454000, 487416
455000, 486416
456000, 485416
457000, 484416
458000, 483416
459000, 482416
460000, 481416
461000, 480416
462000, 479416
463000, 478416
464000, 477416
465000, 476416
466000, 475416
467000, 474416
468000, 473416
469000, 472416
470000, 471416
471000, 470416
472000, 469416
473000, 468416
474000, 467416
475000, 466416
476000, 465416
477000, 464416
478000, 463416
479000, 462416
480000, 461416
481000, 460416
482000, 459416
483000, 458416
484000, 457416
485000, 456416
486000, 455416
487000, 454416
488000, 453416
489000, 452416
490000, 451416
491000, 450416
492000, 449416
493000, 448416
494000, 447417
495000, 446417
496000, 445417
497000, 444417
498000, 443417
499000, 442417
500000, 441417
501000, 440417
502000, 439417
503000, 438417
504000, 437417
505000, 436417
506000, 435417
507000, 434417
508000, 433417
509000, 432417
510000, 431417
511000, 430417
512000, 429417
513000, 428417
514000, 427417
515000, 426417
516000, 425417
517000, 424417
518000, 423417
519000, 422417
520000, 421417
521000, 420417
522000, 419417
523000, 418417
524000, 417417
525000, 416417
526000, 415417
527000, 414417
528000, 413417
529000, 412417
530000, 411417
531000, 410417
532000, 409417
533000, 408417
534000, 407417
535000, 406417
536000, 405417
537000, 404417
538000, 403417
539000, 402417
540000, 401417
541000, 400417
542000, 399417
543000, 398417
544000, 397417
545000, 396417
546000, 395417
547000, 394417
548000, 393417
549000, 392417
550000, 391417
551000, 390417
552000, 389417
553000, 388417
554000, 387417
555000, 386417
556000, 385417
557000, 384417
558000, 383417
559000, 382417
560000, 381417
561000, 380417
562000, 379417
563000, 378417
564000, 377417
565000, 376417
566000, 375417
567000, 374417
568000, 373417
569000, 372417
570000, 371417
571000, 370417
572000, 369417
573000, 368417
574000, 367417
575000, 366417
576000, 365417
577000, 364417
578000, 363417
579000, 362417
580000, 361417
581000, 360417
582000, 359417
583000, 358417
584000, 357417
585000, 356417
586000, 355417
587000, 354417
588000, 353417
589000, 352417
590000, 351417
591000, 350417
592000, 349417
593000, 348417
594000, 347417
595000, 346417
596000, 345417
597000, 344417
598000, 343417
599000, 342417
600000, 341417
601000, 340417
602000, 339417
603000, 338417
604000, 337417
605000, 336417
606000, 335417
607000, 334417
608000, 333417
609000, 332417
610000, 331417
611000, 330417
612000, 329417
613000, 328417
614000, 327417
615000, 326417
616000, 325417
617000, 324417
618000, 323417
619000, 322417
620000, 321417
621000, 320417
622000, 319417
623000, 318417
624000, 317417
625000, 316417
626000, 315417
627000, 314417
628000, 313417
629000, 312417
630000, 311417
631000, 310417
632000, 309417
633000, 308417
634000, 307417
635000, 306417
636000, 305417
637000, 304417
638000, 303417
639000, 302417
640000, 301417
641000, 300417
642000, 299417
643000, 298417
644000, 297417
645000, 296417
646000, 295417
647000, 294417
648000, 293417
649000, 292417
650000, 291417
651000, 290417
652000, 289417
653000, 288417
654000, 287417
655000, 286417
656000, 285417
657000, 284417
658000, 283417
659000, 282417
660000, 281417
661000, 280417
662000, 279417
663000, 278417
664000, 277417
665000, 276417
666000, 275417
667000, 274417
668000, 273417
669000, 272417
670000, 271417
671000, 270417
672000, 269417
673000, 268417
674000, 267417
675000, 266417
676000, 265417
677000, 264417
678000, 263417
679000, 262417
680000, 261417
681000, 260417
682000, 259417
683000, 258417
684000, 257417
685000, 256417
686000, 255417
687000, 254417
688000, 253417
689000, 252417
690000, 251417
691000, 250417
692000, 249417
693000, 248417
694000, 247417
695000, 246417
696000, 245417
697000, 244417
698000, 243417
699000, 242417
700000, 241417
701000, 240417
702000, 239417
703000, 238417
704000, 237417
705000, 236417
706000, 235417
707000, 234417
708000, 233417
709000, 232417
710000, 231417
711000, 230417
712000, 229417
713000, 228417
714000, 227417
715000, 226417
716000, 225417
717000, 224417
718000, 223417
719000, 222417
720000, 221417
721000, 220417
722000, 219417
723000, 218417
724000, 217417
725000, 216417
726000, 215417
727000, 214417
728000, 213417
729000, 212417
730000, 211417
731000, 210417
732000, 209417
733000, 208417
734000, 207417
735000, 206417
736000, 205417
737000, 204417
738000, 203417
739000, 202417
740000, 201417
741000, 200417
742000, 199417
743000, 198417
744000, 197417
745000, 196417
746000, 195417
747000, 194417
748000, 193417
749000, 192417
750000, 191417
751000, 190417
752000, 189417
753000, 188417
754000, 187417
755000, 186417
756000, 185417
757000, 184417
758000, 183417
759000, 182417
760000, 181417
761000, 180417
762000, 179417
763000, 178417
764000, 177417
765000, 176417
766000, 175417
767000, 174417
768000, 173417
769000, 172417
770000, 171417
771000, 170417
772000, 169417
773000, 168417
774000, 167417
775000, 166417
776000, 165417
777000, 164417
778000, 163417
779000, 162417
780000, 161417
781000, 160417
782000, 159417
783000, 158417
784000, 157417
785000, 156417
786000, 155417
787000, 154417
788000, 153417
789000, 152417
790000, 151417
791000, 150417
792000, 149417
793000, 148417
794000, 147417
795000, 146417
796000, 145417
797000, 144417
798000, 143417
799000, 142417
800000, 141417
801000, 140417
802000, 139417
803000, 138417
804000, 137417
805000, 136417
806000, 135417
807000, 134417
808000, 133417
809000, 132417
810000, 131417
811000, 130417
812000, 129417
813000, 128417
814000, 127417
815000, 126417
816000, 125417
817000, 124417
818000, 123417
819000, 122417
820000, 121417
821000, 120417
822000, 119417
823000, 118417
824000, 117417
825000, 116417
826000, 115417
827000, 114417
828000, 113417
829000, 112417
830000, 111417
831000, 110417
832000, 109417
833000, 108417
834000, 107417
835000, 106417
836000, 105417
837000, 104417
838000, 103417
839000, 102417
840000, 101417
841000, 100417
842000, 99417
843000, 98417
844000, 97417
845000, 96417
846000, 95417
847000, 94417
848000, 93417
849000, 92417
850000, 91417
851000, 90417
852000, 89417
853000, 88417
854000, 87417
855000, 86417
856000, 85417
857000, 84417
858000, 83417
859000, 82417
860000, 81417
861000, 80417
862000, 79417
863000, 78417
864000, 77417
865000, 76417
866000, 75417
867000, 74417
868000, 73417
869000, 72417
870000, 71417
871000, 70417
872000, 69417
873000, 68417
874000, 67417
875000, 66417
876000, 65417
877000, 64417
878000, 63417
879000, 62417
880000, 61417
881000, 60417
882000, 59417
883000, 58417
884000, 57417
885000, 56417
886000, 55417
887000, 54417
888000, 53417
889000, 52417
890000, 51417
891000, 50417
892000, 49417
893000, 48417
894000, 47417
895000, 46417
896000, 45417
897000, 44417
898000, 43417
899000, 42417
900000, 41417
901000, 40417
902000, 39417
903000, 38417
904000, 37417
905000, 36417
906000, 35417
907000, 34417
908000, 33417
909000, 32417
910000, 31417
911000, 30417
912000, 29417
913000, 28417
914000, 27417
915000, 26417
916000, 25417
917000, 24417
918000, 23417
919000, 22417
920000, 21417
921000, 20417
922000, 19417
923000, 18417
924000, 17417
925000, 16417
926000, 15417
927000, 14417
928000, 13417
929000, 12417
930000, 11417
931000, 10417
932000, 9417
933000, 8417
934000, 7417
935000, 6417
936000, 5417
937000, 4417
938000, 3417
939000, 2417
940000, 1417
941000, 417
Largest edge: 0.034835
Avg. weight, Avg. largest edge, numpoints, numtrials, dimension: 
1676.088623, 0.034835, 131072, 1, 3
Time elapsed: 10052.707031
Fraction of edges excluded: -0.000427
Matts-MacBook-Pro-10:Desktop Matt$ 
